0.975515
0.898141
0.986331
0.791155
1.055991
0.993916
1.043731
0.958867
0.968384
1.042078
0.944526
1.022001
1.033360
0.965794
0.930840
1.060023
0.999221
0.952961
0.963124
0.887414
1.042128
1.030079
0.974497
1.048247
0.788224
0.978080
1.066514
0.892043
1.014617
0.985582
0.993244
0.948887
0.995286
1.071956
0.954173
1.045885
0.976721
0.972665
1.006257
0.967106
0.981958
0.930609
0.982359
0.963043
0.963610
0.972450
0.964977
0.947777
0.892714
1.029191
0.969883
0.974108
1.070172
0.888484
1.061560
0.960910
0.952657
1.002140
0.976408
1.028608
1.027282
0.837695
0.981024
0.963043
1.050101
0.969935
0.971738
1.012581
0.920589
0.968704
1.059683
0.909356
0.938838
1.024554
0.978712
0.976428
0.970201
0.970595
1.007627
1.023683
0.895153
1.045218
0.863489
1.039189
0.976369
1.028766
1.088336
0.672175
0.929096
0.896841
0.909802
1.046577
1.031386
1.005105
0.957474
0.828956
0.996894
0.930707
1.018084
0.908750
0.911338
0.993263
0.966522
0.854346
0.933368
0.958324
0.946057
0.976937
0.942157
0.967359
1.018940
1.036058
1.000465
0.930858
1.053619
0.938350
0.882569
0.869430
0.910085
0.983944
0.917101
0.949462
0.945682
1.017888
1.010477
1.021927
0.910630
0.923882
1.045564
1.043675
0.996804
1.005021
0.989592
1.007033
0.891386
0.956871
0.911304
1.007039
1.046017
1.008890
0.939077
1.044861
0.956897
1.000672
0.905692
1.004315
1.020248
1.024805
0.985402
0.933739
1.092571
0.919147
0.900278
0.883698
1.015845
1.042062
0.952981
0.809053
0.970768
1.002377
0.998025
0.944781
0.951214
0.964820
1.007223
1.011009
1.031421
0.857160
1.006875
0.874049
1.044901
0.980751
0.968250
0.921371
0.968545
0.967045
0.967492
1.048926
1.015135
1.011018
0.998297
0.964102
1.034825
1.064976
0.997297
0.957151
1.017237
0.945558
1.020086
0.791312
0.941292
1.051713
1.000119
0.786575
0.995479
1.030622
1.061297
0.881111
0.967169
0.949549
0.922856
0.864140
1.000582
0.913432
0.842832
1.044381
0.993352
0.968664
1.033507
0.956909
0.989704
0.946720
1.028516
0.954686
0.880615
1.047455
0.925197
0.948799
1.056251
1.062723
1.009499
0.974057
1.076978
0.992972
0.987988
1.000256
0.979762
1.020283
0.862012
0.965000
1.075163
0.923725
0.920328
0.985493
1.017073
1.043499
1.035620
1.028669
1.016652
0.987139
0.962149
0.807381
0.965666
0.991727
1.017706
0.848824
0.955222
1.003589
1.012902
0.993146
1.058525
1.006136
1.012070
0.928957
1.009324
0.977711
0.985264
0.998202
0.982167
1.010490
1.009443
0.986777
0.924279
0.960483
1.086401
0.928229
0.883917
1.013388
0.866409
1.017107
0.994297
0.979012
1.057808
1.056408
0.937114
0.954175
1.060824
0.983916
0.997324
0.900033
0.925866
0.987230
0.969294
1.029389
0.973760
0.985884
1.047634
0.848144
1.010348
0.943591
0.985965
0.885280
1.042691
1.008178
1.011042
0.918848
0.978406
0.943111
1.079533
1.006554
1.016310
0.990170
0.961300
0.897681
1.010709
0.872851
1.029013
0.956905
1.008806
1.035122
0.998701
1.006531
0.852954
0.834779
0.998977
0.948780
1.019742
1.023152
0.900810
0.978198
0.952197
1.016403
1.018000
1.007948
0.943935
0.920755
0.974943
0.890561
0.886854
0.975646
1.031489
1.059121
1.000253
0.985336
0.802437
0.936342
0.982271
1.026679
0.964081
1.013241
0.985122
0.857893
1.042991
0.988694
1.041334
0.971723
0.863408
0.761180
1.002641
0.798535
1.069875
0.993518
1.004709
0.921511
0.941227
0.966163
0.998599
0.932148
0.907430
0.936676
0.944021
0.947368
0.911468
0.961309
1.008643
1.041738
0.974734
0.994861
0.795538
1.013042
0.893706
0.926305
1.034717
0.876530
0.932093
1.026206
1.030240
0.988512
1.015732
0.998737
0.991115
1.024452
0.893358
1.055408
1.028067
0.847104
1.033824
0.944539
0.978939
1.012406
0.948453
0.986379
0.798459
0.882586
0.997443
0.960577
0.995849
0.864537
1.009364
1.026069
0.941723
1.021270
1.036746
0.964461
0.994857
1.057706
1.010781
0.953306
1.048252
0.950381
0.947227
0.891715
1.051023
0.987800
1.057074
0.932071
0.981956
0.884072
0.945879
0.905439
0.983389
0.968154
1.058585
0.936584
0.996371
0.989761
0.936300
1.004902
0.906682
1.012145
1.023048
0.911562
0.843267
0.976747
1.014240
0.966070
0.992739
1.058577
0.786347
0.997493
0.789013
1.052333
0.910864
0.977680
0.907786
1.019739
0.934145
0.958173
0.957647
0.960976
0.982176
0.941974
0.997531
1.020031
1.072493
0.941159
0.982505
1.041025
0.994979
1.022096
0.929746
1.075157
0.898058
1.060506
0.997276
0.976299
1.064920
1.042719
0.933481
0.938858
1.023412
0.933866
1.002565
0.967386
0.944548
0.850640
1.029255
1.051098
0.993379
1.028965
1.009060
1.052678
0.947799
1.031695
0.949995
1.026413
0.924368
1.037601
1.012923
0.952784
0.916991
0.956861
0.948325
0.880051
0.915474
0.966543
1.011231
1.038766
0.922898
0.983237
1.032370
1.093676
1.023141
1.011635
0.948122
1.018956
0.865238
0.852844
1.005649
1.001799
0.983477
1.033131
0.944732
1.073330
0.971660
0.951528
0.919442
0.972871
1.024425
0.945153
0.961929
1.048905
0.978393
1.023902
0.912880
1.062706
0.958484
1.033531
1.031297
1.042442
0.806284
0.912709
0.962083
0.943147
1.029123
0.956561
1.043612
1.006031
1.070326
1.013130
0.982895
1.000154
0.945886
1.039992
0.949695
1.036072
0.970596
1.097303
0.939359
0.988314
1.005442
1.009337
0.997271
0.969030
0.997260
1.044146
1.018724
0.864824
0.842098
0.960022
0.983555
0.986770
1.006875
0.855760
0.985993
1.004375
0.976654
0.982084
0.944427
0.996744
0.973616
1.050794
0.954763
0.991336
0.947894
0.956389
0.997744
0.923162
1.017936
0.928162
1.014036
0.864876
0.964080
0.890988
0.924520
0.853771
0.985562
0.956011
1.021513
1.020633
0.878211
0.901320
0.916674
0.999628
1.019918
1.013001
1.011863
1.031364
0.978956
1.048490
1.095811
0.997126
0.752907
0.982298
0.982593
0.824403
1.039124
0.983495
1.000650
0.781463
1.078048
0.848843
1.003204
0.946603
0.928746
0.988063
1.024996
1.053497
0.960244
0.991118
0.996268
0.920388
0.886839
0.831436
1.050896
0.950970
0.858015
1.009581
0.908403
0.896241
0.836539
0.999175
1.009928
1.017197
1.045863
0.965613
0.927608
0.931794
0.764934
0.873390
0.910430
1.054565
1.040231
0.929965
0.895655
0.945421
0.945700
0.987236
0.903034
0.940534
0.854918
1.027003
0.987635
0.987065
0.992220
1.000471
1.000609
0.888000
0.938089
1.025237
1.000557
0.906385
1.018803
0.888397
0.989480
0.892353
1.055277
1.002374
1.027406
1.015958
1.035474
1.009052
1.054928
0.925385
0.959095
0.967814
1.001081
0.779032
1.012994
0.860147
0.974149
1.023138
0.986547
0.969227
1.008782
0.990075
0.917542
0.985346
1.055557
0.957186
0.867074
0.972300
1.011385
1.007597
0.950416
0.958210
0.971431
0.979243
0.989937
1.043287
0.836928
1.003030
1.029372
0.918793
1.034524
1.013412
1.042500
0.999593
0.976936
1.011657
0.898807
0.770062
0.882254
0.947784
0.996569
1.056690
0.970831
0.907489
0.935088
0.998693
0.981794
1.010721
0.982485
0.982820
0.884187
0.972989
0.968691
0.978750
0.983065
0.940868
0.962142
1.031665
1.102915
1.026863
1.042779
0.960229
1.030779
1.005581
1.052190
0.987955
1.084041
0.919585
1.040138
0.969080
0.939351
0.932849
1.025523
0.935393
1.061508
0.995206
1.026017
0.965479
0.961998
1.025634
0.942122
0.935870
0.906818
0.935190
1.005512
0.851127
1.028085
0.926018
0.964681
1.016146
1.041520
1.066548
0.871615
1.054101
1.030078
1.078439
0.934720
1.051123
1.018601
0.985336
0.881045
0.988992
0.996325
1.036708
0.981961
0.970531
1.064580
0.947683
0.951483
0.854597
0.909062
0.947244
0.991489
1.005971
0.826548
1.048362
0.964055
0.929658
1.042928
1.041993
1.075161
1.017600
0.870170
0.950112
0.945768
0.981133
0.987623
0.956690
0.934937
0.985007
0.895638
1.076073
0.858550
0.977018
0.927243
0.972820
1.084847
0.955649
0.871436
0.944099
0.928463
0.942398
0.939837
1.077109
0.939678
1.001371
0.860808
0.946071
0.850013
1.016039
1.065705
0.914837
0.940416
0.980968
1.020732
1.038558
0.902442
0.965511
0.944798
1.048062
0.968647
0.971498
1.017287
1.008370
0.914934
0.880143
0.973457
1.028845
0.996478
0.986192
0.965283
0.976527
0.934156
0.872391
0.984670
0.990704
0.900112
0.916365
1.004319
0.949597
1.032859
0.927033
0.994873
1.022882
1.003669
1.000167
0.930987
0.964466
1.059363
0.955703
0.948826
0.981482
0.956504
0.998614
0.991986
0.983344
0.984824
1.088654
0.965661
1.085444
0.942790
0.968713
1.025342
1.004726
0.983337
0.991632
0.943506
0.921496
0.995378
1.034469
1.027696
0.968538
0.950117
0.961997
0.939761
0.997220
0.978828
0.954342
0.937316
0.987684
0.936759
1.011652
1.052347
0.845734
0.998525
0.998306
1.006047
1.036293
0.929682
0.872057
0.948434
0.985957
1.065236
0.895953
0.889702
1.069265
0.948598
0.996148
1.022222
0.999615
0.884748
0.911753
1.011435
0.994783
0.949805
0.976280
0.994333
0.934110
1.044656
0.917076
0.919535
0.978877
0.943915
1.001323
0.860623
0.888294
1.002197
1.023843
1.054952
0.989771
0.994676
0.960360
0.957501
1.014316
1.042263
0.858337
0.990261
1.020901
1.109061
1.011520
0.902982
1.012846
0.910795
0.939129
0.834628
0.935788
0.960829
0.951145
0.926314
0.700140
0.868581
1.009261
1.003445
0.923145
1.009708
0.933775
1.073292
0.983921
0.962802
1.002145
0.944253
0.968624
1.029301
0.936175
0.854031
0.863644
0.944210
0.966492
0.919695
1.066106
0.965628
1.010750
0.970329
1.049348
0.953575
0.775382
0.951950
1.030004
0.806247
0.973705
0.887927
0.890843
0.948534
1.027473
0.972085
0.937762
0.856228
0.930929
1.014156
0.937585
0.922796
0.901148
0.987046
0.895473
1.022108
1.012700
0.881671
1.060591
0.828950
1.027581
0.872130
1.055167
1.105471
0.999766
0.864563
0.975904
0.942189
0.929678
0.977576
0.938205
0.903919
1.111953
0.833375
0.961671
1.014465
1.004403
1.000281
1.010685
1.003609
0.964845
1.003614
1.018793
0.908916
1.063625
1.035140
0.971183
0.890859
1.005937
0.933234
0.954009
1.030537
0.957970
0.990862
1.005413
0.954962
0.951179
1.029060
0.993530
1.030730
0.963472
1.089655
1.013706
1.050432
0.912216
1.028762
0.839403
0.971102
1.023907
0.973696
0.980961
0.949760
0.974950
0.990421
0.961057
0.967257
1.007232
0.983890
0.955737
0.955057
0.884550
1.076899
1.018613
1.000669
1.023705
0.691369
0.993536
0.935607
1.025141
0.901154
0.961994
0.875329
0.957425
0.969414
1.082190
0.969996
0.940818
0.990313
0.911177
0.985330
1.004298
0.902362
1.027398
1.073432
0.907700
0.954457
0.974545
1.024859
0.880429
1.029887
0.987749
0.983717
0.877465
0.783219
0.986701
1.015424
0.989976
0.893277
0.968952
1.012272
0.930159
1.001799
1.016056
1.006506
1.025906
1.034393
0.976234
0.984873
1.003121
0.903130
0.919553
0.886436
0.852270
0.978163
1.000719
1.012696
0.944849
0.989092
0.938849
0.990198
0.932931
0.992938
0.924824
0.916023
1.034861
0.881872
1.031580
1.003773
0.968885
0.993320
1.007897
0.969674
1.038882
0.914215
0.947817
1.037213
0.907829
0.999859
0.973762
0.801233
0.944991
0.981060
1.003884
0.967037
1.013360
1.019333
0.914942
1.020936
0.964789
0.851014
1.020589
0.898256
0.847731
1.033828
0.996517
0.965187
1.028861
0.948089
0.947583
0.942333
0.979435
0.945974
1.000582
0.945396
1.056230
0.825356
0.960921
0.984489
1.074351
1.071240
0.917039
0.993034
1.000436
0.979044
0.908584
0.977488
0.940657
1.021206
1.046804
0.922895
0.950406
1.029531
0.923996
1.035528
0.996809
1.000979
1.052495
0.961396
0.855091
0.971917
1.008441
1.078150
1.027709
1.001409
0.956408
0.995442
1.016156
0.966581
0.885114
0.873784
0.962853
1.027023
1.082468
0.946924
0.997934
0.988149
0.929223
0.938014
0.928375
1.013023
1.028084
1.013441
0.907320
0.929415
0.977348
1.027741
0.953216
0.864179
0.832696
0.882461
0.979952
0.999537
1.031725
0.958011
0.893122
0.942991
0.972757
0.901534
0.927019
0.931336
0.993772
1.009896
1.014036
0.955152
1.014389
1.047716
0.955132
0.879592
0.950545
0.993107
0.894761
0.943140
0.928715
1.062173
1.003799
1.007808
0.962031
0.925598
0.993667
1.042103
1.012245
0.899566
1.029022
0.940016
1.058299
0.954972
1.054667
1.057995
0.998578
0.986124
0.984184
1.010787
1.014016
1.007541
0.923223
1.023125
1.017065
0.919541
0.911434
0.986143
0.986802
0.953105
1.037659
0.957908
0.995652
1.014006
0.942920
1.056793
0.982414
0.958324
0.909004
0.819056
1.026463
0.984796
1.043234
1.020057
0.848847
1.011382
1.000418
1.038939
1.051345
1.022003
1.067084
0.950026
0.880128
1.043873
0.939182
0.985906
0.996749
1.043123
1.007123
1.022709
1.063525
1.040123
0.880820
0.986221
1.023449
1.007333
0.952098
0.828564
1.045645
1.026622
0.952336
1.034639
1.000892
1.019413
0.972927
0.902032
1.027499
0.924739
0.982714
0.987124
0.968945
0.952554
0.863710
0.969253
0.985929
0.924963
1.007142
0.979148
1.060273
0.919303
1.011101
0.922890
0.962017
0.842631
0.896949
0.955970
0.814702
0.934132
1.030703
0.908672
0.989902
0.927038
0.948721
0.945508
0.938045
1.035404
0.893768
0.943865
1.069746
0.939315
1.000022
0.938446
0.938244
0.894944
0.971118
1.038676
0.954101
1.005433
0.929843
0.982496
0.926787
1.056733
1.020567
0.937643
0.990658
1.030400
0.982735
0.931889
0.975897
0.917866
0.976058
0.933669
1.011544
0.981317
1.040490
0.961275
0.886006
1.029267
0.945981
0.971128
0.979754
0.902109
1.037220
0.881865
0.961422
1.013552
0.954196
0.956159
0.938632
1.038370
1.013724
1.073095
1.001167
0.882131
0.927710
0.898104
1.010143
0.973725
0.994320
1.078915
0.910995
0.778221
1.026498
0.893750
0.912970
0.912098
0.961899
0.954864
1.008422
0.965290
0.958693
1.080844
0.874856
1.019855
0.860022
1.014618
0.935447
1.017706
0.879366
0.977968
0.963614
0.990111
0.976288
0.983677
0.996544
0.861482
0.993411
0.912986
1.006410
0.975371
0.993868
0.847628
0.965943
1.015521
0.983324
1.045869
0.920599
0.961139
0.952026
1.001470
1.019968
0.980859
0.947338
1.034626
1.048311
1.057635
0.893195
0.841213
1.000563
1.019339
0.965520
1.078401
1.037102
1.028782
1.012547
1.017288
0.856609
0.902016
0.950306
0.935562
0.952459
0.832611
1.036733
1.061542
1.000562
0.941105
1.055831
1.071498
0.973888
0.918628
0.981888
0.960467
0.927821
0.941761
0.813348
1.031025
1.001083
1.004105
0.964025
0.990040
1.050861
0.968256
0.983639
0.929891
0.979510
0.964822
0.955362
1.023938
0.974086
1.051561
1.036378
0.919171
0.981697
0.914949
0.995577
1.011815
1.047570
0.929628
0.925995
1.024649
0.943360
1.025445
1.013880
1.022680
0.995861
1.035631
0.917067
0.972488
1.030254
0.977701
0.899426
1.043029
1.018325
1.023759
0.884918
1.020795
1.007446
0.747189
1.055105
1.078376
0.955559
0.943261
0.988302
1.005479
0.891121
0.757718
0.957056
1.004551
1.063119
0.978736
1.040068
0.829506
0.894932
0.834629
0.949851
1.025115
0.994656
0.921526
1.018091
0.909461
1.041293
1.027857
0.971983
0.972993
0.998488
0.979351
0.915810
0.919615
0.919385
0.975034
0.937592
0.933999
1.072384
0.918007
0.845209
0.774830
0.987769
1.045093
0.964813
0.903051
1.052799
1.044582
0.976364
0.982683
1.005293
0.969038
0.958462
0.881380
0.940622
0.872236
0.897446
0.967252
1.086555
0.998804
0.975371
0.896426
1.069217
1.019277
1.040547
1.049469
1.055796
0.990036
0.915312
1.041049
0.971070
1.030031
0.966951
0.979851
1.040610
0.939820
1.003121
0.952693
0.901675
0.969614
0.955988
1.039516
1.010233
0.975423
0.892648
1.001855
0.959056
1.009653
1.001047
1.061304
0.971229
1.002354
0.955127
0.928772
0.747101
1.030006
1.005987
1.019699
1.041777
0.969014
0.865429
1.069921
0.950296
1.045865
0.977962
1.047689
0.869201
0.919420
0.946126
0.818299
0.974318
1.006186
1.024599
0.975572
1.065801
1.072683
0.929295
0.943414
0.925151
0.967310
0.995950
0.998523
0.862267
1.028174
0.972134
1.067910
0.972400
1.086348
0.967747
0.971279
1.010096
1.007030
0.885307
1.010052
1.008981
0.880893
0.945470
0.976004
0.957859
0.961719
0.899407
0.995955
1.036462
0.955712
0.824276
1.044159
0.899329
0.863945
0.961269
0.891106
0.998618
0.930939
0.999808
0.864987
0.970607
0.985896
0.883288
1.027645
1.017280
0.928695
1.070775
0.969807
1.027473
1.062772
1.008714
0.941617
1.011471
1.078480
0.878467
0.873121
0.978478
0.905478
0.972623
0.975349
1.010451
0.961322
1.046936
0.995505
0.952029
0.858754
1.007270
1.032962
0.925105
1.039811
0.986150
0.904800
1.042870
0.840653
0.984329
0.983155
1.025145
0.972719
0.943474
0.940803
0.821839
1.036086
1.051703
0.948753
0.847284
0.838102
0.976726
1.034054
0.993305
0.941268
0.952821
1.028123
0.984252
0.968130
0.987776
0.951372
0.861883
0.979715
0.941876
0.955197
0.969928
1.032125
0.954947
0.978448
1.044103
0.988373
0.975002
1.016999
1.044657
1.078359
0.984385
1.029266
0.886772
0.972130
0.989904
0.861700
1.012407
0.914609
0.997494
1.079647
0.997335
0.984367
0.983094
1.035908
0.947011
0.932745
0.976868
0.835079
0.950145
1.062082
0.932606
0.994863
1.008179
1.000594
0.960507
0.964850
0.908128
0.922454
0.960020
0.872012
0.968942
0.923472
1.009478
1.008157
1.020884
1.030216
1.064123
0.954590
0.951734
0.995837
0.884805
1.021457
1.036606
0.976280
1.016156
1.032245
0.836456
1.034683
1.000308
1.048786
0.943236
0.860873
1.014755
0.969221
0.957069
0.909374
1.056632
0.995261
1.019086
0.976094
0.987139
1.005040
0.978023
0.958323
0.944948
0.979257
1.014256
1.000841
0.823378
0.995011
1.003971
1.009438
1.080990
0.987837
1.022146
0.902666
1.023804
1.052950
0.972718
1.051884
0.882603
0.798274
0.820677
1.011325
0.885641
0.976540
1.034072
0.843446
1.017789
1.063527
0.954450
0.929738
0.993706
0.989633
0.929864
0.990902
0.958063
1.047484
1.034444
0.992006
1.020725
0.914678
1.082476
1.077713
1.014788
0.962969
0.998941
1.019683
0.922078
0.989853
0.985328
0.970745
0.987612
0.924023
1.034487
0.990896
0.973122
0.997806
0.984820
0.923052
0.974909
1.023656
1.012087
0.915649
0.995068
1.030790
0.969487
1.050485
0.960668
0.962680
0.917058
0.958639
0.927403
0.923933
1.043933
1.024341
1.002218
0.942690
0.988610
0.947296
1.034375
0.927385
0.961382
0.984685
0.944835
1.029754
0.991501
0.919435
0.965179
1.023957
1.051512
0.925318
0.999290
0.966314
0.916847
1.021430
0.940863
1.059220
1.025911
0.986154
1.033929
1.002053
0.903814
1.028950
1.014161
0.837801
1.028532
1.076003
0.992369
0.931058
0.898970
0.944617
0.955944
0.830366
0.982775
0.874214
0.955460
0.938752
0.949248
0.999784
0.996677
0.939961
0.908758
0.905592
0.910853
0.966456
1.012336
1.036622
0.941955
0.939677
0.813628
1.011223
0.915254
1.016926
0.886657
0.779076
0.874261
1.003155
0.961371
0.933897
0.943903
0.989734
1.067552
0.941535
0.924013
0.923566
0.913582
1.036850
0.929591
1.053561
0.997520
1.011435
0.892495
0.973742
0.982685
0.908866
0.980641
1.005178
1.046286
1.020851
1.043921
0.923116
1.017529
1.040959
1.035882
0.983409
1.030015
0.979657
1.018541
0.968411
0.974569
1.048349
0.890956
1.035154
1.021039
0.867663
0.928670
0.987862
1.039844
0.882680
0.976254
0.961330
0.990919
0.897936
1.013650
1.029181
0.983626
1.048707
0.878904
0.925889
0.982352
1.023821
1.034055
1.014346
0.977022
0.901199
1.077660
0.895990
0.898857
0.977348
1.036900
0.999380
1.022673
0.944856
0.991482
0.961509
1.015007
0.976825
0.824540
1.004291
1.024980
1.000316
0.930624
0.948543
0.899276
0.992268
0.974387
0.985494
0.934430
1.021639
0.967427
0.992751
0.985383
0.842102
0.919223
1.020419
0.981066
0.928426
1.050926
1.013733
0.759572
0.933415
0.972613
0.952253
0.857033
0.879006
0.962138
1.031022
0.941053
0.832110
0.974605
0.951617
0.997474
0.997069
0.994175
1.003468
0.908089
1.011037
1.034542
1.037779
1.006725
0.973951
0.937443
1.028912
0.964265
0.979977
0.949226
0.889773
1.030343
0.985541
1.091359
0.980741
1.044325
0.851888
0.997386
1.056791
1.003753
1.083967
1.003975
0.967492
1.028867
0.939774
0.978215
1.057072
0.871538
0.675771
0.969260
0.882101
0.858407
0.854230
0.986913
0.994115
0.930468
0.906892
0.759032
1.026635
0.980110
1.027420
0.968201
0.988452
1.029161
1.075785
1.013702
1.014894
0.953365
0.987545
0.995780
0.987406
0.967994
0.894644
0.949581
0.979841
0.949648
0.889817
0.892092
0.994346
0.996265
1.023917
0.950468
0.883009
1.027107
1.017727
1.003805
1.007037
0.945721
0.978739
1.045704
0.954110
0.968523
0.877848
1.020836
1.019475
0.944662
0.801604
1.030431
1.002111
0.900109
0.885508
0.873834
1.047776
0.912222
0.951152
0.960070
0.969975
1.057157
1.017667
0.796936
0.983192
1.034870
1.000155
0.981354
1.027042
0.983644
0.983483
1.058159
0.915564
1.038221
1.074844
0.967740
1.018738
1.093395
0.998609
1.025919
1.024848
0.871056
0.979229
1.016939
0.849779
0.980455
0.743043
1.003962
0.975869
0.899614
1.033425
1.019237
0.787289
0.939962
1.010620
1.009988
0.989370
0.995551
0.929138
0.916111
0.937326
1.068283
0.965234
0.944787
1.077990
1.004038
0.936599
0.995917
0.875684
0.914222
0.912825
1.015945
1.058547
0.948318
0.905016
0.849532
1.064504
1.110174
0.966867
1.026773
0.826812
1.034337
0.984585
1.014730
1.027326
1.069769
0.952322
0.973110
0.906880
0.998621
0.973285
1.023999
0.930886
1.080488
1.000030
0.954999
1.085537
0.950343
0.997679
1.037402
1.010573
0.956841
0.998658
1.048245
0.984838
1.001388
0.999363
0.968320
0.762388
0.884409
1.004327
0.877628
0.953659
1.016631
1.036164
0.930484
0.997572
0.934634
1.010633
0.902220
1.058220
1.074895
0.899229
0.948102
0.816016
1.061703
0.986558
0.981293
0.986366
0.986092
0.956884
1.068422
0.945133
0.988507
1.030241
0.979037
0.962104
0.947097
0.990140
0.855880
0.976907
0.932978
0.912374
0.981205
1.000824
0.948790
0.908264
1.014534
0.846971
1.054587
0.979404
1.016178
0.989782
0.745412
0.883979
1.041855
1.036537
1.042630
1.059634
0.984241
1.018909
1.037009
0.874128
1.016850
0.989996
0.925332
1.067450
0.902262
0.845684
0.986714
1.001794
0.998411
0.986749
0.972487
0.986120
0.858536
0.909072
0.905840
1.041549
1.067862
1.021315
1.039449
0.989463
0.917200
0.963131
0.990645
0.975009
0.938411
0.953610
0.976709
1.053367
0.984625
0.995222
1.019690
1.030335
0.901744
0.930241
1.052931
0.991765
0.844559
1.012693
0.833876
0.927529
1.017656
1.014611
1.000842
0.945537
1.016557
0.933482
0.897332
1.049055
0.872589
1.045690
0.946150
1.020823
0.911154
0.990445
1.033469
1.002734
1.073919
0.999172
1.069487
0.942496
1.014001
0.974764
1.036570
0.961123
0.879790
0.938004
0.960689
1.045697
1.040090
1.002313
1.049322
0.909178
0.967400
0.993907
0.862481
0.973032
0.872124
1.062505
1.025270
0.989630
0.959530
1.105439
0.947758
1.050123
0.967890
1.027024
0.972525
0.894713
0.930731
0.936899
1.074511
0.862491
0.968902
0.985656
1.070538
1.011677
0.829270
0.910536
0.963794
1.008993
0.969310
0.951401
1.013210
0.794402
0.958169
0.895134
0.988289
1.023991
1.042017
0.985259
0.947920
1.059027
0.860260
1.050180
1.003517
0.938832
0.979231
1.082263
0.871599
1.029988
0.979376
1.030596
1.022607
0.861187
0.968514
0.895203
1.019219
0.971363
0.954169
0.929820
0.982882
0.984266
0.907168
0.987381
1.008158
1.001745
0.983998
0.932343
1.021668
0.940754
1.044630
1.001777
0.998889
0.987211
0.935076
0.898255
0.934430
1.003086
1.000820
0.847180
0.927607
0.947343
0.996789
0.973208
0.962933
0.970888
0.885917
0.864536
0.864977
0.828068
1.028198
0.983009
1.012786
0.975601
0.985629
1.009741
1.077457
1.079845
1.001723
0.944308
0.958145
0.845195
1.077518
1.058823
0.895649
1.042376
1.042967
1.013434
1.050966
0.956621
1.020205
0.916507
1.070885
0.996546
1.031682
1.034307
1.011236
0.983728
1.100492
0.928230
0.937333
0.797603
0.987746
0.911973
0.835546
1.028730
0.854772
1.060126
0.934454
0.992284
1.032151
0.959374
1.029879
0.813092
0.958359
0.994326
0.874886
1.027201
0.972018
0.957660
0.949347
1.014529
0.824994
1.007964
0.937954
0.982067
1.002776
0.989847
1.004887
0.937857
1.048028
1.003832
1.022337
0.960891
1.016857
0.985497
0.931466
0.985798
1.061157
0.911732
0.946773
0.974650
0.973124
1.014645
0.955581
0.846506
1.006587
1.065500
1.051932
1.072495
0.840942
1.031362
0.890317
1.009535
1.001097
1.010904
0.988460
1.044009
0.965941
0.877678
0.877171
0.886202
0.955783
1.003768
0.911066
0.967839
1.012812
0.992995
0.930526
0.977119
0.975467
1.018887
1.009369
0.911827
0.866677
0.910335
1.030383
0.923189
0.958181
0.995669
1.020651
1.003583
0.988859
1.027761
0.919144
0.993425
0.984412
1.047209
1.034088
1.012857
0.987264
0.972259
0.990952
0.939543
0.982956
0.963835
1.042493
1.054251
0.961345
1.019612
0.914552
1.058096
1.048519
1.041849
1.042602
0.939694
1.014256
0.960160
0.995567
0.989411
1.088446
0.855539
1.032826
0.952799
0.859824
0.887576
1.003515
0.893707
0.865722
1.014457
1.007065
1.010423
0.902369
0.992441
0.841848
0.782744
0.895526
0.951469
1.023528
1.000217
0.694631
0.930734
1.072906
0.931327
1.018289
1.034479
0.890506
1.031082
0.960699
0.919602
1.048197
0.953116
0.958914
0.936094
0.995411
0.965289
1.000350
1.006696
0.891661
0.995214
0.859578
0.971979
1.030666
1.015273
1.006087
0.954248
0.992816
1.054272
0.930200
0.985958
0.952272
0.958169
0.969282
1.021969
0.928795
0.985677
0.963647
0.966410
1.054919
1.044443
0.850098
0.985858
0.898374
0.944731
0.936772
0.881875
0.841428
0.987154
0.975112
1.010088
1.031812
0.979883
0.958036
0.998793
1.041515
0.971467
0.957037
0.990335
0.993810
1.071944
0.982409
0.988508
1.097651
0.979633
1.016917
0.989261
0.989217
1.006194
1.090754
1.004501
1.016615
1.037410
0.931744
0.981558
0.900158
1.021398
1.027301
1.027129
0.970187
1.000405
0.969581
0.969897
1.033537
0.995368
1.048034
1.028964
1.008253
0.938091
0.985840
1.013233
0.956691
0.928780
1.041268
1.033486
0.779768
0.992237
0.884097
0.927377
0.912172
0.976211
0.887033
0.861540
1.010888
1.014912
0.953645
1.047533
0.979778
0.971534
0.964643
1.027490
0.984672
0.901815
0.944103
0.901497
0.943561
0.939106
0.990509
0.984311
0.962308
0.926433
0.987596
0.956278
0.998603
0.809156
1.044985
1.056650
1.012865
1.079632
0.963029
0.969795
0.984854
1.033242
0.931905
1.022535
0.996028
0.968780
0.987939
0.895727
0.925993
1.001604
1.040999
1.002840
0.889902
0.894279
0.992894
0.848280
0.995875
0.925565
0.962948
0.948281
0.803559
1.054256
0.934825
0.900420
0.957527
0.978224
0.986166
0.904607
1.041286
0.845264
0.998662
0.973391
1.028790
0.926487
0.933109
1.028412
1.009871
0.864597
0.836533
0.925037
1.016290
0.924798
0.994600
0.863774
0.960744
0.869509
0.935534
0.799537
0.956557
1.012777
1.022449
1.020354
1.024666
1.016564
1.008546
0.998587
0.999526
1.007363
0.833290
0.902113
0.989915
0.952237
0.974909
0.976806
1.024233
1.005315
0.916531
1.075841
1.042251
0.851371
0.964380
0.909975
0.928855
0.974495
0.949781
0.869431
0.984457
1.000298
0.851131
0.868793
1.023211
0.997795
0.922160
0.815180
0.874409
1.015123
1.031714
1.008536
0.998609
0.945333
1.009349
0.914803
1.043214
0.941545
0.983242
1.050914
1.071597
1.041125
1.053329
0.978837
1.030205
1.021210
1.023076
1.028331
0.961154
1.007947
0.952990
0.930180
1.047839
0.969581
1.027082
1.005882
0.952390
1.036610
0.894425
0.930179
0.948090
1.042592
0.996748
1.020566
1.094205
0.910791
0.901305
1.049818
0.935816
0.958295
0.984703
0.849338
1.032331
0.871888
0.796630
1.042919
0.944990
1.006678
0.996583
1.068234
1.069064
0.979797
0.981306
0.948832
0.931709
1.047565
0.998081
1.016244
1.076524
1.028639
0.899963
0.944761
0.898274
0.729400
0.971807
1.037867
0.987317
1.016086
1.013286
1.011334
0.986974
0.919225
0.957980
1.019974
1.011992
0.994699
0.804794
0.933440
0.829410
1.041484
1.027779
0.964826
1.005093
0.997154
0.907245
1.038157
0.940856
0.958212
1.060155
1.016496
1.090771
1.038342
0.953684
1.060107
0.956973
0.865695
0.956645
0.944683
0.809805
0.902623
1.001215
0.974617
0.996526
0.994022
1.054994
0.978323
1.019853
1.040395
0.950986
1.001753
0.928652
1.066702
0.788065
1.067218
0.988828
1.023525
0.976046
1.001112
0.991183
0.885419
0.983477
1.049645
0.928730
1.040672
0.990697
0.924952
1.012285
1.017644
1.005050
0.937106
0.991531
0.976052
1.001586
0.919578
1.016932
0.980925
1.018117
0.993422
1.017491
0.969830
1.040886
1.047413
0.979144
0.976153
1.001232
0.951904
0.838588
0.829884
1.017829
0.972664
0.981953
0.928484
0.921458
0.945019
1.052497
0.913423
0.989365
1.018625
0.949198
1.000836
1.008619
0.982335
0.868441
0.798645
0.827978
0.917649
1.013600
0.873681
0.806722
1.008195
0.897108
0.995603
0.938327
0.998656
0.988964
1.062025
0.949546
1.045929
0.986568
1.066487
1.066338
0.936293
0.883060
0.904766
0.991033
0.999458
0.991882
0.990531
0.888527
0.994812
1.025687
0.978693
0.968534
1.031296
0.976084
0.961319
0.927758
0.892967
0.947123
0.924018
0.979585
0.933460
0.963202
1.042269
1.023953
0.954830
1.069190
0.999526
1.007562
0.940646
1.010878
1.028397
1.008616
0.894579
1.053787
0.886271
1.046333
1.074380
0.955242
0.986758
1.013505
1.020789
0.885503
0.975611
0.998689
1.044621
0.823279
0.900431
0.975042
0.971645
1.033037
0.878399
0.895315
0.910391
1.041554
1.032790
1.033180
0.943540
0.953743
1.013403
1.017153
1.028350
0.824075
1.086532
1.067604
1.039682
1.051549
1.024413
0.985030
1.013927
0.858253
0.980057
0.983855
1.057282
1.064362
0.916587
1.022337
1.039835
0.957820
1.029633
0.896415
0.963942
0.871259
0.790590
0.984439
1.037605
0.897660
1.016244
1.009039
1.017979
1.034055
0.971123
0.898094
1.059523
1.006189
1.048052
0.907920
1.048958
1.063332
1.040666
0.983197
0.985441
0.802527
0.892488
0.975416
0.958773
0.969879
0.959188
1.037574
0.973271
1.029439
1.062997
1.066461
0.861276
0.959887
1.057749
0.920766
1.037391
0.963155
0.926642
0.952501
0.957235
0.976248
0.932495
0.933637
0.955612
0.926876
0.997310
0.979251
1.025806
1.030064
0.890426
1.068892
1.047662
0.924884
0.833006
0.988046
0.995076
0.901502
0.954398
1.004082
1.029126
0.692137
0.954818
1.032151
0.950689
0.908203
1.046997
0.983472
0.980922
1.093985
1.059170
0.898456
0.999513
0.832264
1.014609
0.920371
1.020675
1.014960
0.997919
0.943574
0.993906
1.000763
0.899396
0.942324
1.025271
0.956395
0.976935
1.040979
0.979972
0.867408
0.982742
0.984600
0.943013
0.938442
0.965975
0.860228
0.992278
0.971535
1.029220
1.076086
0.942274
0.923082
0.920682
0.928111
0.901458
1.022327
1.014156
1.055356
0.950983
1.007946
0.939835
0.908254
1.012993
0.962490
0.986575
0.880847
0.900232
1.069439
0.940144
1.070602
0.833794
0.989152
1.073172
1.026615
0.978941
1.088556
0.999569
1.030690
1.023544
1.058169
0.940849
1.007254
1.058442
0.935981
0.960812
1.024468
0.883342
1.071258
0.942166
0.986323
0.961205
0.976190
0.970748
0.957744
1.042901
0.973471
1.026479
0.984205
1.025222
1.015826
0.949329
0.987809
0.997175
0.902259
0.995637
0.971982
0.848309
0.959163
0.932299
1.012152
1.000054
1.029118
1.007587
0.997513
0.871155
0.862022
0.998631
1.021210
0.984944
1.045403
0.975576
0.950692
0.932887
0.835896
0.916141
0.878809
0.893979
0.928938
0.950933
0.916690
0.896372
1.018914
0.899414
0.892042
1.037774
1.050188
0.950038
1.000157
0.950215
1.042384
1.070400
1.052522
0.809390
0.969722
0.947389
1.061556
0.958426
0.666066
0.969527
1.038210
0.772223
0.964800
1.016728
0.933250
1.021502
1.029910
0.970791
1.000486
0.790083
1.072959
0.967514
1.011493
0.984311
0.895335
0.848885
0.877305
0.948972
0.980905
0.985843
0.995797
1.003322
0.932956
0.942153
0.942902
0.940777
0.988272
1.047668
0.938063
0.906091
0.957800
0.979755
0.958262
0.993256
0.756958
0.990143
0.991395
1.004969
0.955279
0.931919
1.079507
1.007943
0.926915
0.957403
1.054571
0.938567
1.013525
1.069129
1.027748
0.987921
0.952241
0.971661
1.001783
0.919066
1.020496
1.023605
0.920133
0.990882
1.055688
1.014430
1.042912
0.962759
1.008192
0.993905
0.908901
1.026711
0.928169
1.047151
0.982093
0.936484
0.917164
0.944023
0.953725
1.018275
1.037742
0.989693
0.934344
0.977307
1.058758
1.027474
1.019383
1.022197
0.955386
0.938564
0.888662
0.926523
0.961802
1.001855
1.026859
1.044952
0.903473
0.936189
0.999413
0.979857
0.864469
0.841554
1.045447
0.979815
0.988115
0.978843
0.915880
0.995825
1.052705
0.937240
1.036497
0.932696
1.039919
0.860592
0.911243
1.041160
0.905057
0.846212
1.014003
0.970824
1.009159
0.956911
0.965401
0.868002
1.007775
1.017822
0.978451
1.040837
0.936340
0.956290
1.003167
0.911090
1.041138
0.914051
0.983505
0.967394
1.022389
1.017050
0.920152
0.988368
1.016872
0.929271
0.944293
0.845679
0.929827
1.041017
0.936258
0.974918
1.066578
1.000497
1.025790
0.880460
0.962485
0.912008
0.983242
0.959284
0.768124
1.081553
1.058051
0.934676
0.949653
0.985310
1.010781
0.972736
1.044259
0.894826
0.982042
0.937783
0.867476
0.950002
0.854142
1.065029
0.984259
0.997312
0.810070
0.973129
0.923836
0.958772
1.044053
1.014489
1.016756
1.038157
0.978781
0.869223
1.040738
0.996991
0.957205
0.876580
0.982102
0.957982
0.866968
0.958864
1.012223
0.887254
1.104971
1.073105
1.008306
0.968657
0.882117
0.976669
0.908421
0.988503
0.967205
1.067570
1.084971
0.876123
0.990118
0.986465
1.056853
0.930716
0.935665
1.034015
0.796058
0.851458
0.960831
0.915361
0.918642
1.058396
0.993153
0.927616
0.975986
0.980857
0.877360
0.884359
1.027750
1.024548
1.024847
0.959904
0.996805
0.975444
1.043503
0.962194
0.938412
1.024963
0.959128
0.999364
1.037815
0.947081
0.955216
0.878225
0.991090
0.995614
0.990057
1.000124
1.040917
0.991198
0.841713
0.945648
0.892896
0.990595
0.949658
0.902376
1.028925
0.801138
0.967476
1.045951
1.064692
1.074239
1.036421
1.047219
0.993092
0.968387
1.048000
0.923620
0.832380
1.043600
1.008831
0.977772
0.958721
0.973078
1.024564
0.999976
1.015572
1.056709
0.968751
1.060443
1.039527
0.973207
0.983153
0.877742
1.052038
0.917929
1.019324
0.935303
0.989897
0.894810
1.045376
1.056086
0.954957
1.026041
1.048982
1.025014
0.920243
0.968883
0.997045
0.912692
0.959080
0.970147
0.921049
0.910436
1.066742
1.001662
0.935541
0.955273
0.986631
0.923618
1.051751
0.971253
0.929329
0.774107
0.973859
0.825403
1.007197
1.080365
1.049956
1.015307
0.920358
0.977403
1.021641
0.938957
1.021351
1.006605
1.063963
0.937010
1.030855
0.843177
1.041102
0.990289
0.955675
1.037155
1.007286
0.977825
0.952845
0.873313
0.951307
0.871196
0.918368
0.963551
0.972255
1.056497
0.892417
0.999612
1.005666
0.936549
0.945701
0.963871
1.010155
0.982094
0.968222
0.962126
1.035524
0.865074
0.976375
0.818055
0.926634
0.955654
0.960041
0.875359
1.032252
0.994538
1.016981
0.985136
1.022752
1.037829
1.004882
0.946714
1.024792
0.965152
0.886469
1.010020
1.031212
1.073248
0.967524
0.870697
0.987786
0.837532
1.022752
0.920205
0.939756
1.031002
0.957563
0.987665
1.068376
