151.267006
152.817167
155.931111
154.991776
154.382575
156.467277
156.674777
155.852278
153.063532
158.139620
155.888062
156.881446
156.589252
156.545471
155.938744
156.753174
155.709638
157.409185
156.378287
152.554100
155.258084
163.118266
161.696829
154.954810
156.205305
155.881430
151.799309
156.344746
156.931028
155.442519
157.936244
156.274711
157.018818
155.086404
156.283793
158.732918
156.901573
160.099374
156.405950
154.937459
156.693489
157.612606
155.329373
155.256022
156.466544
142.641859
157.197297
157.796363
156.505277
155.480019
157.536324
156.530992
156.319161
156.611838
157.894500
153.426034
156.630696
154.976769
157.508188
155.527200
155.473236
467.593359
152.713018
155.386597
155.300015
166.498674
150.033714
156.414602
156.481733
153.293925
157.490730
154.165244
152.691855
153.482740
156.858581
156.812861
160.082931
158.979002
152.775114
166.781813
155.886914
157.260483
157.383615
156.379241
152.551770
155.812463
156.694592
158.139188
156.057844
154.855892
152.836285
149.844149
155.362454
157.100106
156.364803
156.068807
156.043806
155.708696
156.366897
154.747838
155.661143
159.520622
156.310232
156.486146
165.137419
155.460865
155.925535
156.553102
156.068674
157.342261
156.873660
156.571457
55.922313
150.725743
156.988283
156.813387
150.918262
156.457646
154.509805
156.293805
155.978556
156.965078
156.207867
153.924257
155.309656
157.872160
156.519488
149.758831
155.466166
157.001266
788.053937
157.382790
157.309154
158.083653
154.060508
158.317535
154.485626
155.854619
157.146488
156.428996
156.229432
155.491756
154.221885
154.476778
156.082223
158.549244
151.993072
155.394674
157.231815
155.927571
155.277546
156.382577
155.455558
156.380616
89.713107
155.258685
156.132688
153.487985
146.036602
149.848080
155.639633
153.770853
93.422619
157.395337
155.791521
156.736177
156.958305
155.945449
151.197449
154.926904
157.973579
156.244289
154.967387
157.590799
156.499716
154.743695
156.810547
153.992122
164.612616
195.030662
155.315559
167.123765
157.079361
157.294011
157.989098
157.124413
151.429364
155.289861
156.177439
157.172886
156.352364
154.382743
156.374943
155.692235
156.495745
155.936665
159.244119
148.149413
155.450687
156.343528
156.272952
156.182107
152.930686
154.771221
157.223335
155.065560
155.801100
156.941321
157.177316
157.184247
157.570503
155.549045
156.222634
-2006.495593
156.777941
165.282698
157.269071
158.794190
155.135504
156.398067
157.479051
158.764050
154.901280
154.761283
157.345991
155.939913
155.253249
155.903746
154.483448
156.459911
156.155111
155.582628
165.667639
128.915486
156.180798
156.954296
156.306359
158.055062
155.838093
155.196976
156.711741
159.878187
157.096826
155.505384
156.175181
155.990597
155.369186
155.862221
155.100925
141.128789
156.101434
153.731003
153.664937
157.109352
158.339204
128.765790
154.934728
163.080307
168.532940
156.792787
155.791044
157.208160
157.898156
156.020220
155.990710
156.490889
154.378544
155.755581
163.379569
159.190116
155.819790
160.887121
155.747498
158.967332
156.615375
157.616782
155.602284
156.651874
156.293966
156.268683
156.329146
155.667574
156.839679
156.668706
156.547443
156.219451
140.769302
156.890514
154.887407
157.273121
155.972110
157.604952
156.328802
156.875480
135.613649
155.811573
155.697994
154.644003
154.852553
156.482171
157.238249
157.830838
156.219429
156.608421
152.310124
160.309316
162.592488
156.633641
157.877436
156.302260
156.431250
157.389806
156.320517
151.882814
154.695078
158.361479
155.583768
156.847879
155.906821
156.312143
156.226690
156.873285
157.308027
155.790633
165.620692
156.248292
160.608502
156.779165
155.086844
156.268287
157.031126
157.582715
163.583632
154.421666
154.488571
156.009109
156.281135
161.073401
156.482531
177.773469
152.284510
155.709754
157.242143
149.533363
154.587053
157.020990
156.600506
147.231300
156.743265
154.939411
156.990607
155.858541
156.357457
155.586863
155.235391
135.208882
155.098073
154.982105
155.287404
158.272458
149.314311
158.107490
154.842039
156.682462
156.206741
155.557471
156.814441
155.493450
185.080976
154.311148
48.871216
159.691847
155.279183
155.206114
163.882848
155.231528
155.279446
156.285762
153.422413
157.680718
156.555587
156.858227
158.551842
168.919225
152.717095
156.456082
188.417713
159.561471
156.708896
160.221532
155.685899
153.667171
150.139790
154.603581
150.827715
156.852399
156.472811
154.803148
156.581395
156.971544
156.354918
159.484011
155.841638
156.203586
156.943093
155.576952
158.344308
154.953910
156.124731
154.351662
155.873005
155.998419
156.111287
157.329501
155.516715
154.112889
157.462946
154.895383
155.125356
156.333679
155.109201
155.140188
155.313672
158.504479
164.351950
156.076848
154.996759
155.922450
158.084315
154.352860
154.655823
154.509553
156.258310
154.052306
161.931700
152.564592
156.443807
156.953798
155.618409
155.525373
154.396449
155.788173
160.963118
155.968238
156.377042
156.128270
155.489594
151.389181
156.838462
156.159186
156.964926
158.650709
156.776159
157.040815
156.711438
156.719093
159.221228
156.281101
154.085820
155.443020
151.510892
163.747072
154.664683
156.374054
160.630766
156.594833
151.394227
130.171796
155.939997
155.139721
156.765539
154.828533
158.706554
156.722115
155.811472
173.443734
156.839068
155.242472
154.687427
154.546883
156.361177
156.559548
157.772463
159.422583
155.018178
155.191818
156.496139
157.638943
154.611322
137.802859
157.041909
155.743401
155.272843
155.326916
156.220252
160.848593
155.945327
158.933308
155.439086
162.315743
155.388767
161.388738
158.667694
155.831676
156.136940
159.600556
142.016987
156.556482
156.277130
154.984390
157.838931
156.356676
155.071221
155.652058
171.152358
156.756236
155.900071
156.528216
157.827731
161.064489
156.799387
161.611058
156.012824
160.635272
156.032869
158.957033
157.371285
150.470917
153.837584
156.380286
154.244951
159.464687
155.163464
153.422534
151.869576
157.576593
156.904884
141.802520
155.943896
153.958185
156.097187
142.733521
156.500451
156.053119
156.709010
157.529519
149.715073
156.288526
157.489840
160.080780
156.282714
154.781897
156.434867
156.347934
153.728034
156.128169
156.944838
155.531914
158.608644
156.450997
155.260701
153.395140
155.745305
156.582513
158.134732
157.542101
149.087904
154.172413
157.053927
156.881507
156.238449
156.338707
155.186068
156.220465
158.038014
154.307501
149.273805
153.929074
157.006183
156.660786
151.986156
154.994570
156.303106
154.763486
156.357045
156.415780
159.931610
166.004778
156.620720
156.137919
156.724056
155.635720
156.297593
162.109704
157.981493
155.909173
156.989895
155.458989
156.678491
157.737545
155.350585
155.716765
162.826707
180.098090
157.231616
154.931008
156.500472
170.721810
157.292077
155.963707
144.918304
161.196331
158.275832
156.834866
156.329732
155.529849
158.362261
156.178247
156.244407
152.140553
152.137759
157.456656
156.065501
154.614771
165.746470
156.387283
156.486845
159.213875
153.422580
136.717370
155.607186
157.121027
152.971515
155.677828
156.305580
197.732707
121.584799
158.616791
138.053634
158.207592
108.630558
158.011514
155.974938
153.187266
355.575449
158.220513
156.413443
156.871871
159.753386
153.399808
163.850433
156.195368
158.457298
155.246125
157.631310
156.540606
154.650718
142.555674
155.541507
155.531935
157.260164
149.783780
157.359564
153.823040
157.399068
145.989926
145.304392
155.581465
157.290200
155.720420
154.324357
161.674580
157.591025
155.469659
158.166646
194.029104
159.043892
174.015376
156.323742
155.762762
157.249145
155.688898
156.629337
149.518895
159.097671
154.902733
154.473669
155.406773
157.895232
190.737099
156.623120
163.302989
159.048292
156.829738
150.387676
155.487201
38.444063
156.903340
155.260792
156.469643
155.925994
155.408213
155.612000
156.651957
154.461597
157.619421
158.427667
142.807530
155.137686
156.253012
155.289208
156.514833
156.973852
152.265406
155.403423
156.611306
156.328243
159.861061
156.383103
154.973859
155.810570
156.299678
156.550040
151.337992
156.361281
155.618226
155.823976
154.989374
157.317123
156.024195
158.494948
155.997108
157.538626
154.614818
157.138615
157.537813
156.050025
154.987213
155.695099
155.304904
156.687137
156.122943
156.563759
158.748926
156.084402
155.345366
157.105176
143.450803
155.259769
153.661554
157.280328
155.983412
155.306869
154.861766
156.423343
155.916596
157.159626
156.828494
155.559837
157.813475
157.467097
161.489544
156.438195
156.412652
153.455521
157.390193
158.605361
156.119365
156.067236
149.557178
155.214314
159.630489
153.447540
154.584625
156.986225
158.792791
155.119587
156.620263
154.937193
154.119110
155.697184
149.957744
155.749615
155.108256
155.832621
156.912069
152.761617
156.188613
155.328859
156.190319
209.372189
198.443932
154.623826
156.347006
156.852034
157.276980
154.767114
156.019285
157.888115
156.538408
156.947543
157.183032
160.385142
158.894597
156.319585
153.902606
155.928043
156.699246
154.829935
145.996999
159.159057
323.171140
147.047920
158.932510
156.890150
152.957334
157.478481
156.895009
152.865797
158.190691
157.179860
155.565032
156.106169
156.432187
158.255710
157.094516
155.704953
155.919926
156.009807
152.616146
156.016808
155.893719
156.094833
156.345027
154.983279
155.752374
148.699386
156.219891
158.672887
159.252976
155.947511
156.551479
151.221595
155.558676
157.540936
157.423503
156.699676
158.318957
156.813690
156.104401
158.229950
157.596552
155.506798
155.424888
156.130060
155.647377
157.679930
156.900448
157.874526
154.588254
156.737155
154.664682
154.120560
155.843907
156.224777
153.930161
156.341898
109.973000
155.171587
157.581876
152.184537
158.774288
160.157325
155.623672
155.800080
156.007883
154.969148
156.382945
158.170364
155.896547
151.587754
156.693125
169.177422
155.978468
156.530615
156.408615
157.019133
161.732511
157.493161
167.841655
157.260126
154.425090
155.538260
152.509277
159.182418
155.124123
155.777752
156.566004
154.751266
145.722373
156.073129
154.574191
154.455701
152.110554
158.824421
155.804171
154.412742
156.368221
155.463787
156.495406
156.708967
156.871114
155.803292
154.717867
156.918831
156.210200
155.568074
159.941537
156.247054
153.983019
155.903033
154.006201
159.382855
156.455073
139.302084
152.922924
156.136836
158.101490
156.266369
154.769544
156.975779
153.400682
159.400624
146.928681
156.559325
156.415586
156.808683
152.247692
152.134891
157.733839
91.210743
157.094382
157.189463
156.298502
159.619240
155.539091
158.180563
155.116124
157.250376
156.447626
158.404300
175.104987
159.219212
161.949369
157.427151
156.173830
157.342323
150.866849
149.303665
155.073310
155.746371
153.870616
150.549848
155.780615
155.827189
155.265440
155.276650
156.045822
154.910294
155.997850
153.858038
156.440567
155.416234
155.726528
157.355432
158.367055
156.246218
156.542718
156.844632
155.550586
150.250619
140.323665
157.528492
156.084035
155.193711
156.048028
160.892883
155.336923
153.207566
155.504920
155.852221
161.059955
155.835831
143.617090
156.331251
155.111076
151.537649
158.182887
158.023500
157.180690
