468.367238
471.083623
474.477515
478.455349
482.015954
485.730176
488.269586
491.097188
494.623976
497.694844
500.998468
504.408757
506.624776
510.581529
513.287009
516.240371
519.945329
523.082288
527.018144
529.344306
532.898722
536.221207
539.365165
543.158299
546.856539
549.783665
552.309057
555.235217
558.433252
560.500868
564.266046
567.352197
570.963123
574.660961
579.115057
581.810758
585.418069
588.543551
591.408113
595.335381
597.934424
600.992979
603.175741
606.654923
608.250083
611.495834
615.836859
618.718928
623.621081
626.329854
629.392695
633.563871
636.117300
639.436630
643.200442
645.587463
649.134211
653.160118
656.532688
660.260692
663.337506
